1.809543958454122858e-01 1.754155024045680467e-01 1.597954636021182984e-01 1.367913005590256359e-01 1.100398355142444273e-01 8.318377325897577390e-02 5.909140068787523126e-02 3.944633313420958104e-02 2.474487846031114824e-02 1.458679705369643823e-02 8.080347323361993309e-03 4.206250006626895133e-03 2.057569644126926254e-03 9.458185077967124106e-04 4.085584717645892542e-04 1.658414476911724232e-04 6.325919213944608934e-05 2.267488605538869439e-05
1.492398952058478501e-01 1.539522716226224552e-01 1.492398952058478501e-01 1.359506880261284467e-01 1.163792200840796376e-01 9.361962480795492370e-02 7.077104038025586186e-02 5.027374619311647530e-02 3.356012748307186239e-02 2.105243275352674734e-02 1.241014638866910422e-02 6.874593016209916245e-03 3.578590840567849683e-03 1.750537859305185528e-03 8.046828989024230145e-04 3.475931298875944314e-04 1.410944867183651298e-04 5.381961728743810515e-05
1.196857670860273781e-01 1.313850749627493986e-01 1.355336702690958794e-01 1.313850749627493986e-01 1.196857670860273781e-01 1.024557979872795233e-01 8.241912396421767484e-02 6.230410730807947606e-02 4.425907632225423854e-02 2.954504798493082576e-02 1.853375366992330436e-02 1.092541650022609868e-02 6.052127800862602824e-03 3.150454006956391207e-03 1.541106334554237164e-03 7.084119353455203740e-04 3.060076487177055974e-04 1.242141700029595318e-04
9.294462708986725441e-02 1.085751046627605326e-01 1.191883430462679222e-01 1.229518161856116010e-01 1.191883430462679222e-01 1.085751046627605326e-01 9.294462708986725441e-02 7.476799646691384416e-02 5.652029590980771345e-02 4.015042022926439136e-02 2.680232374601745904e-02 1.681322928781787962e-02 9.911188847907587487e-03 5.490297011997625001e-03 2.857991237125446279e-03 1.398042437664284753e-03 6.426486782609934891e-04 2.776003638197757097e-04
6.958461121484056655e-02 8.650112409282949277e-02 1.010479991785269288e-01 1.109254614825167379e-01 1.144280271201369992e-01 1.109254614825167379e-01 1.010479991785269288e-01 8.650112409282949277e-02 6.958461121484056655e-02 5.260195541513687512e-02 3.736694192417154559e-02 2.494421899276413543e-02 1.564763105263223056e-02 9.224083234110766472e-03 5.109675276679576106e-03 2.659857405418103882e-03 1.301121389948790841e-03 5.980962515735071443e-04
5.000167533316855761e-02 6.614482504861390888e-02 8.222510149497511134e-02 9.605287879729745848e-02 1.054420670763625834e-01 1.087714898794358565e-01 1.054420670763625834e-01 9.605287879729745848e-02 8.222510149497511134e-02 6.614482504861390888e-02 5.000167533316855761e-02 3.551977647104982011e-02 2.371114780186928811e-02 1.487411944008788095e-02 8.768107791396063944e-03 4.857087958538690645e-03 2.528372288988489907e-03 1.236802867798696137e-03
3.434241631891653962e-02 4.834428933792841998e-02 6.395234837732804989e-02 7.949961818332754171e-02 9.286905155430233427e-02 1.019470200780951269e-01 1.051660838044119056e-01 1.019470200780951269e-01 9.286905155430233427e-02 7.949961818332754171e-02 6.395234837732804989e-02 4.834428933792841998e-02 3.434241631891653962e-02 2.292520365027766321e-02 1.438109281473443600e-02 8.477474748375285821e-03 4.696091961774727895e-03 2.444565320629911616e-03
2.246510398061280292e-02 3.365317775663945882e-02 4.737403878339108143e-02 6.266885031940155892e-02 7.790409263761713388e-02 9.100520682716047027e-02 9.990098415288403699e-02 1.030554425574901622e-01 9.990098415288403699e-02 9.100520682716047027e-02 7.790409263761713388e-02 6.266885031940155892e-02 4.737403878339108143e-02 3.365317775663945882e-02 2.246510398061280292e-02 1.409247003282083216e-02 8.307335220246276838e-03 4.601843274029605857e-03
1.395998106299218069e-02 2.225390051687982720e-02 3.333679071859335652e-02 4.692865642100774864e-02 6.207967529189919315e-02 7.717168497913316771e-02 9.014963033322483110e-02 9.896177488407180423e-02 1.020865769584944766e-01 9.896177488407180423e-02 9.014963033322483110e-02 7.717168497913316771e-02 6.207967529189919315e-02 4.692865642100774864e-02 3.333679071859335652e-02 2.225390051687982720e-02 1.395998106299218069e-02 8.229234625901325761e-03
8.229234625901325761e-03 1.395998106299218069e-02 2.225390051687982720e-02 3.333679071859335652e-02 4.692865642100774864e-02 6.207967529189919315e-02 7.717168497913316771e-02 9.014963033322483110e-02 9.896177488407180423e-02 1.020865769584944766e-01 9.896177488407180423e-02 9.014963033322483110e-02 7.717168497913316771e-02 6.207967529189919315e-02 4.692865642100774864e-02 3.333679071859335652e-02 2.225390051687982720e-02 1.395998106299218069e-02
4.601843274029605857e-03 8.307335220246276838e-03 1.409247003282083216e-02 2.246510398061280292e-02 3.365317775663945882e-02 4.737403878339108143e-02 6.266885031940155892e-02 7.790409263761713388e-02 9.100520682716047027e-02 9.990098415288403699e-02 1.030554425574901622e-01 9.990098415288403699e-02 9.100520682716047027e-02 7.790409263761713388e-02 6.266885031940155892e-02 4.737403878339108143e-02 3.365317775663945882e-02 2.246510398061280292e-02
2.444565320629911616e-03 4.696091961774727895e-03 8.477474748375285821e-03 1.438109281473443600e-02 2.292520365027766321e-02 3.434241631891653962e-02 4.834428933792841998e-02 6.395234837732804989e-02 7.949961818332754171e-02 9.286905155430233427e-02 1.019470200780951269e-01 1.051660838044119056e-01 1.019470200780951269e-01 9.286905155430233427e-02 7.949961818332754171e-02 6.395234837732804989e-02 4.834428933792841998e-02 3.434241631891653962e-02
1.236802867798696137e-03 2.528372288988489907e-03 4.857087958538690645e-03 8.768107791396063944e-03 1.487411944008788095e-02 2.371114780186928811e-02 3.551977647104982011e-02 5.000167533316855761e-02 6.614482504861390888e-02 8.222510149497511134e-02 9.605287879729745848e-02 1.054420670763625834e-01 1.087714898794358565e-01 1.054420670763625834e-01 9.605287879729745848e-02 8.222510149497511134e-02 6.614482504861390888e-02 5.000167533316855761e-02
5.980962515735071443e-04 1.301121389948790841e-03 2.659857405418103882e-03 5.109675276679576106e-03 9.224083234110766472e-03 1.564763105263223056e-02 2.494421899276413543e-02 3.736694192417154559e-02 5.260195541513687512e-02 6.958461121484056655e-02 8.650112409282949277e-02 1.010479991785269288e-01 1.109254614825167379e-01 1.144280271201369992e-01 1.109254614825167379e-01 1.010479991785269288e-01 8.650112409282949277e-02 6.958461121484056655e-02
2.776003638197757097e-04 6.426486782609934891e-04 1.398042437664284753e-03 2.857991237125446279e-03 5.490297011997625001e-03 9.911188847907587487e-03 1.681322928781787962e-02 2.680232374601745904e-02 4.015042022926439136e-02 5.652029590980771345e-02 7.476799646691384416e-02 9.294462708986725441e-02 1.085751046627605326e-01 1.191883430462679222e-01 1.229518161856116010e-01 1.191883430462679222e-01 1.085751046627605326e-01 9.294462708986725441e-02
1.242141700029595318e-04 3.060076487177055974e-04 7.084119353455203740e-04 1.541106334554237164e-03 3.150454006956391207e-03 6.052127800862602824e-03 1.092541650022609868e-02 1.853375366992330436e-02 2.954504798493082576e-02 4.425907632225423854e-02 6.230410730807947606e-02 8.241912396421767484e-02 1.024557979872795233e-01 1.196857670860273781e-01 1.313850749627493986e-01 1.355336702690958794e-01 1.313850749627493986e-01 1.196857670860273781e-01
5.381961728743810515e-05 1.410944867183651298e-04 3.475931298875944314e-04 8.046828989024230145e-04 1.750537859305185528e-03 3.578590840567849683e-03 6.874593016209916245e-03 1.241014638866910422e-02 2.105243275352674734e-02 3.356012748307186239e-02 5.027374619311647530e-02 7.077104038025586186e-02 9.361962480795492370e-02 1.163792200840796376e-01 1.359506880261284467e-01 1.492398952058478501e-01 1.539522716226224552e-01 1.492398952058478501e-01
2.267488605538869439e-05 6.325919213944608934e-05 1.658414476911724232e-04 4.085584717645892542e-04 9.458185077967124106e-04 2.057569644126926254e-03 4.206250006626895133e-03 8.080347323361993309e-03 1.458679705369643823e-02 2.474487846031114824e-02 3.944633313420958104e-02 5.909140068787523126e-02 8.318377325897577390e-02 1.100398355142444273e-01 1.367913005590256359e-01 1.597954636021182984e-01 1.754155024045680467e-01 1.809543958454122858e-01
